camera 0 0 0 0 0 -1 0 1 0 50
point 0 0 -5 .2 .2 .2

ambient .2 .2 .2

diffuse 0 .5 .5
specular 0 0 0
shininess 1

plane 0 0 1 0 0 -20

pushTransform

specular .5 .5 .5
diffuse 0.0 1.0 0
translate 0 0 -2
sphere 0 1 0 .2
sphere 0.7071067811865475 0.7071067811865476 0 .2
sphere 1.0 6.123233995736766e-17 0 .2
sphere 0.7071067811865476 -0.7071067811865475 0 .2
sphere 1.2246467991473532e-16 -1.0 0 .2
sphere -0.7071067811865475 -0.7071067811865477 0 .2
sphere -1.0 -1.8369701987210297e-16 0 .2
sphere -0.7071067811865477 0.7071067811865474 0 .2

diffuse 0.2 0.8 0
translate 0 0 -2
sphere 0 1 0 .2
sphere 0.7071067811865475 0.7071067811865476 0 .2
sphere 1.0 6.123233995736766e-17 0 .2
sphere 0.7071067811865476 -0.7071067811865475 0 .2
sphere 1.2246467991473532e-16 -1.0 0 .2
sphere -0.7071067811865475 -0.7071067811865477 0 .2
sphere -1.0 -1.8369701987210297e-16 0 .2
sphere -0.7071067811865477 0.7071067811865474 0 .2

diffuse 0.4 0.6 0
translate 0 0 -2
sphere 0 1 0 .2
sphere 0.7071067811865475 0.7071067811865476 0 .2
sphere 1.0 6.123233995736766e-17 0 .2
sphere 0.7071067811865476 -0.7071067811865475 0 .2
sphere 1.2246467991473532e-16 -1.0 0 .2
sphere -0.7071067811865475 -0.7071067811865477 0 .2
sphere -1.0 -1.8369701987210297e-16 0 .2
sphere -0.7071067811865477 0.7071067811865474 0 .2

diffuse 0.6 0.4 0
translate 0 0 -2
sphere 0 1 0 .2
sphere 0.7071067811865475 0.7071067811865476 0 .2
sphere 1.0 6.123233995736766e-17 0 .2
sphere 0.7071067811865476 -0.7071067811865475 0 .2
sphere 1.2246467991473532e-16 -1.0 0 .2
sphere -0.7071067811865475 -0.7071067811865477 0 .2
sphere -1.0 -1.8369701987210297e-16 0 .2
sphere -0.7071067811865477 0.7071067811865474 0 .2

diffuse 0.8 0.2 0
translate 0 0 -2
sphere 0 1 0 .2
sphere 0.7071067811865475 0.7071067811865476 0 .2
sphere 1.0 6.123233995736766e-17 0 .2
sphere 0.7071067811865476 -0.7071067811865475 0 .2
sphere 1.2246467991473532e-16 -1.0 0 .2
sphere -0.7071067811865475 -0.7071067811865477 0 .2
sphere -1.0 -1.8369701987210297e-16 0 .2
sphere -0.7071067811865477 0.7071067811865474 0 .2

popTransform
